1;13;1704603;2020-07-08;150;
2;24;186568;2021-10-26;550;
3;7;240707;2020-07-09;200;
4;7;1694673;2019-07-02;700;
5;27;2294895;2019-12-23;100;
6;17;2046981;2021-11-30;125;
7;9;2251787;2021-10-27;625;
8;2;1905862;2021-10-24;100;
9;19;2099782;2021-10-25;475;
10;6;2058578;2020-02-28;300;
11;20;1779726;2021-03-12;350;
12;5;1533673;2021-10-29;150;
13;4;2420354;2019-04-26;175;
14;3;1665319;2021-10-25;250;
15;26;1815210;2020-07-03;250;
16;25;1719783;2021-10-30;150;
17;4;1910747;2019-11-24;500;
18;3;1821110;2021-10-30;275;
19;14;1777596;2021-01-19;550;
20;31;2048522;2021-01-27;425;
21;7;2433319;2021-02-13;150;
22;4;1877719;2020-03-01;200;
23;25;2330652;2021-10-28;200;
24;11;1948473;2021-10-28;325;
25;28;2197733;2021-10-20;725;
26;16;2294429;2019-10-19;200;
27;9;2112709;2019-10-11;300;
28;13;1583125;2021-10-25;200;
29;16;1574299;2021-10-26;625;
30;26;2279997;2021-10-23;200;